95
15 6 9 14 24 69 79 95
32 19 6 19 23 29 30 35 36 39 41 52 54 56 57 79 83 84 89 91 95
70 23 2 4 5 8 14 21 23 25 28 29 43 44 46 54 68 71 73 75 78 84 87 91 93
12 2 21 39
57 44 2 6 8 10 13 14 15 23 24 25 26 30 35 36 38 41 43 46 48 49 51 52 53 54 59 62 64 68 70 71 73 75 76 78 79 82 83 84 88 89 90 91 92 95
10 15 1 8 23 25 36 49 54 56 57 61 70 73 89 93 94
10 86 1 2 3 4 5 6 8 9 10 12 14 15 17 18 19 20 21 22 23 24 26 27 28 29 31 32 33 34 35 36 37 38 39 40 41 42 43 44 45 46 47 48 49 50 51 52 53 55 56 57 58 59 60 61 62 63 64 65 66 67 68 69 70 71 72 73 74 75 76 78 79 80 81 82 83 84 85 86 87 89 90 91 92 93 94 95
76 20 4 9 13 19 23 24 29 30 31 44 56 57 69 71 82 88 89 90 91 95
57 5 23 29 52 82 84
42 4 46 62 76 91
46 8 33 48 52 53 81 86 87 95
45 15 6 9 10 26 28 30 41 50 54 56 57 63 69 83 88
70 3 4 39 84
65 4 35 48 69 82
27 9 4 31 35 38 56 68 76 91 93
4 28 5 7 9 11 12 14 17 23 24 29 31 34 35 37 38 43 47 49 54 60 67 71 74 79 85 88 89 92
47 7 2 19 54 68 76 83 84
67 7 4 21 23 39 52 82 84
48 3 4 65 89
59 41 9 14 15 17 18 21 23 25 26 27 28 30 31 32 38 40 42 45 46 48 49 53 57 62 64 66 68 69 71 72 76 79 80 81 82 84 87 89 91 92 93
51 0
46 49 1 3 4 6 8 9 10 11 12 13 20 24 25 28 30 31 32 33 35 40 41 43 46 49 50 51 52 55 58 61 64 65 66 67 68 69 70 72 74 75 76 78 83 86 87 91 93 94 95
13 1 84
97 25 4 9 13 18 21 23 29 31 35 41 48 52 54 56 57 63 65 69 71 82 84 88 89 90 91
69 9 8 30 41 54 56 68 69 82 95
31 9 1 4 23 25 41 49 65 88 94
77 17 8 21 30 31 38 46 56 64 68 78 79 86 87 89 91 93 94
64 20 5 6 26 29 39 43 44 46 51 52 57 58 64 68 75 84 88 90 92 94
1 6 4 18 23 39 52 82
20 17 4 13 19 21 35 39 41 44 57 69 71 82 84 88 89 90 91
20 0
54 4 43 75 84 87
62 38 1 6 9 10 13 14 15 19 23 26 29 31 35 37 38 44 45 49 50 53 54 60 62 63 66 67 70 71 72 73 79 82 84 87 88 91 93 94
14 27 4 8 17 18 21 25 32 38 39 43 44 46 51 53 54 56 59 62 63 72 73 75 80 83 88 89 93
20 10 13 21 23 29 39 48 69 82 89 91
26 5 8 14 35 52 84
8 71 1 2 3 4 5 6 8 9 10 13 14 18 19 21 23 24 25 26 28 29 30 31 35 36 39 41 43 44 45 46 48 49 50 52 53 54 55 56 57 58 60 61 62 63 64 65 66 67 68 69 70 71 73 75 76 78 79 80 81 82 83 84 87 88 89 90 91 92 93 94 95
63 22 4 8 9 13 14 17 19 21 26 36 52 54 56 61 63 68 69 71 80 87 91 95
88 1 21
50 68 1 2 3 4 5 6 8 9 10 14 17 18 19 21 23 24 25 26 28 30 35 36 37 38 39 41 43 44 45 48 49 50 51 52 53 54 55 56 57 58 60 61 62 63 64 65 67 68 69 70 71 72 73 75 76 78 79 80 81 82 83 84 87 90 92 93 94 95
97 15 9 13 18 23 29 31 48 52 54 69 71 82 84 89 91
70 60 1 3 4 5 8 9 10 13 14 17 18 21 24 25 28 29 30 31 35 36 37 38 39 40 41 44 45 46 48 49 50 54 55 56 57 58 61 62 63 65 66 68 69 70 71 72 73 76 79 80 81 82 87 88 89 90 91 92 93 95
88 35 2 6 10 14 17 18 19 21 23 24 30 31 44 45 46 49 51 53 56 62 63 66 68 72 75 76 78 80 81 82 89 90 92 94 95
69 13 4 9 29 31 35 41 52 54 63 65 69 71 84
77 56 1 2 4 6 8 9 13 14 15 17 18 19 23 24 25 26 29 30 31 35 36 38 39 41 44 48 49 50 52 53 54 56 57 60 61 63 64 65 66 68 69 71 73 76 81 82 83 87 88 89 90 91 92 93 94 95
85 5 6 9 26 53 70
47 59 1 3 4 5 6 9 11 12 15 17 18 20 21 25 26 28 29 30 32 33 35 36 37 38 39 40 43 46 48 49 50 52 53 54 55 56 58 59 60 62 63 64 65 67 69 72 73 75 76 78 83 86 87 88 89 90 91 94 95
86 5 9 21 29 39 84
62 19 9 13 18 23 24 25 29 39 41 52 56 57 63 68 71 79 82 90 91
92 4 30 65 87 90
76 17 2 6 9 15 21 26 41 46 48 50 68 79 80 83 84 92 94
7 1 23
93 58 1 2 4 6 8 9 13 14 17 18 19 21 23 24 25 26 29 30 31 35 36 38 39 41 44 48 49 50 52 54 56 57 60 61 63 64 65 68 69 70 71 73 76 79 80 81 82 83 84 87 88 89 90 91 92 93 94 95
83 12 4 9 18 21 31 39 52 69 71 84 88 91
96 48 1 4 5 8 9 10 14 15 18 19 21 23 24 25 26 29 30 36 39 41 43 46 48 50 51 53 56 57 58 59 63 65 66 67 68 71 75 76 78 80 82 83 87 90 92 93 94 95
93 5 13 21 35 48 91
40 19 4 13 18 21 23 29 35 39 48 52 54 63 69 71 82 84 88 89 91
58 60 2 4 5 6 8 9 10 14 17 19 21 23 24 25 26 29 30 31 35 36 38 39 41 43 44 45 49 50 52 53 54 56 57 59 60 61 62 64 65 68 69 70 73 75 76 78 79 80 81 82 83 84 88 89 90 91 92 93 94 95
44 48 1 2 4 8 9 14 15 21 23 25 26 30 31 35 36 38 39 41 45 46 49 52 53 54 56 60 61 62 63 64 65 66 68 69 70 71 72 73 76 80 82 83 84 87 88 90 93 94
10 18 9 17 24 36 38 49 50 52 56 61 64 76 83 84 87 90 93 94
80 21 4 8 13 19 21 25 29 31 39 44 48 56 57 63 65 68 69 71 88 89 95
65 48 2 4 6 8 13 14 15 17 19 21 25 26 29 30 31 35 36 38 39 41 44 50 52 53 54 56 57 60 61 63 64 65 68 70 72 73 76 80 81 82 83 84 87 90 92 93 94 95
86 16 4 9 13 18 21 29 31 39 48 52 71 82 84 88 89 91
4 52 1 2 6 8 9 13 14 17 18 19 21 23 24 25 26 29 30 31 35 36 38 39 41 44 48 49 50 52 54 56 57 61 63 65 68 69 70 71 73 76 79 80 81 82 83 87 88 89 90 91 92 93
12 5 4 29 54 63 84
61 23 2 6 13 18 23 26 35 50 54 60 62 71 72 73 80 81 83 84 89 91 92 93 94
67 22 4 14 17 19 21 23 26 31 35 39 53 54 63 69 71 76 78 79 80 82 83 94
85 3 24 30 91
6 4 4 21 52 84
32 12 18 21 25 29 31 35 39 44 52 65 71 82
50 6 4 9 23 31 39 84
54 0
82 6 8 21 23 25 31 65
50 70 2 4 6 8 9 10 11 12 13 14 18 19 20 21 23 24 25 27 30 31 32 33 34 35 37 38 39 40 41 42 44 45 46 47 48 51 53 54 57 58 59 60 61 62 63 64 65 66 67 68 69 70 71 72 73 76 79 80 81 82 83 84 86 87 89 90 91 92 94 95
81 4 51 56 68 87
85 45 1 2 4 6 8 9 13 14 18 19 21 23 24 25 26 29 30 31 35 36 39 41 44 48 52 54 56 57 61 63 65 69 70 71 81 82 83 84 88 89 90 91 92 94 95
96 49 2 3 4 5 7 9 12 15 17 18 19 20 21 22 23 28 29 30 31 34 36 38 39 43 44 46 48 52 53 60 62 64 65 66 67 69 71 74 75 76 78 80 82 85 89 90 93 94 95
21 63 1 2 4 8 9 10 13 14 17 18 19 21 23 24 25 26 29 30 31 35 36 38 39 41 44 45 46 48 49 50 51 52 54 56 57 59 61 62 63 64 65 66 68 69 70 71 72 73 76 79 81 82 83 84 87 88 89 90 91 92 93 94 95
71 22 14 18 19 24 30 31 36 41 44 48 56 57 63 65 68 69 71 73 88 90 91 95
4 13 4 8 9 14 24 29 36 41 73 79 88 90 93
5 32 1 4 6 8 9 18 21 23 25 26 29 30 35 41 48 50 52 54 56 63 65 68 71 73 79 80 82 84 87 88 93 95
27 0
20 30 1 4 6 8 9 13 14 19 21 23 25 29 30 31 35 39 41 48 49 50 56 61 65 68 70 71 84 88 90 95
90 2 21 39
28 69 1 2 4 5 6 9 10 11 12 13 14 17 18 19 20 21 22 23 25 26 27 29 31 33 34 35 36 37 38 39 41 43 44 45 46 47 49 50 52 53 54 56 57 58 63 64 65 67 68 69 70 72 73 74 75 76 78 79 80 81 82 83 84 86 87 90 92 93 94
100 14 2 4 6 17 21 39 46 49 50 62 69 70 87 95
60 31 4 8 9 13 14 18 23 24 25 29 30 35 39 41 48 52 56 61 63 68 69 70 73 79 82 84 88 89 90 94 95
25 13 4 9 13 21 29 31 39 48 69 71 84 89 91
83 2 39 71
55 12 18 19 21 29 31 39 41 54 56 71 82 91
58 4 4 23 52 84
90 4 2 26 54 63
45 15 4 14 24 30 36 39 48 54 57 68 73 88 89 90 95
90 19 9 13 18 23 24 29 30 48 52 63 65 69 70 71 73 79 82 88 89
84 15 4 9 19 21 24 52 56 57 65 69 71 82 84 89 90
