96
91 43 2 5 6 15 16 17 19 23 26 27 28 29 33 34 36 38 39 40 41 43 45 49 54 55 56 58 60 63 64 65 66 69 70 74 76 78 79 82 83 86 89 91 94
52 35 5 7 8 15 25 26 29 30 34 37 39 40 41 42 43 45 49 51 54 62 65 66 67 73 74 75 77 78 80 84 85 86 88 93 94
62 3 24 41 52
98 12 3 13 17 24 36 39 49 52 53 61 63 78
20 7 7 13 33 45 56 65 88
17 66 3 4 8 9 10 12 13 15 16 17 19 21 24 25 26 27 29 30 31 33 34 35 36 37 38 39 40 41 43 45 49 50 51 52 53 54 55 56 58 60 61 63 64 65 66 67 68 71 73 74 75 78 79 80 81 83 84 85 86 88 89 90 93 94 95 96
21 10 13 19 30 39 41 45 49 63 78 81
70 16 3 4 7 17 36 41 42 45 51 52 53 61 78 81 86 94
55 8 3 7 30 39 45 51 78 81
68 67 3 4 5 7 8 9 12 13 14 15 16 17 18 19 21 24 25 26 27 29 30 31 33 34 36 37 39 40 41 42 43 45 48 49 50 51 52 53 54 56 58 60 61 62 63 64 65 66 68 71 73 74 75 77 78 79 80 81 84 85 86 89 90 93 94 95 96
7 38 2 3 6 7 9 10 12 14 17 21 29 31 33 36 37 38 45 52 53 54 59 60 61 62 63 66 67 68 69 75 78 80 84 86 87 89 90 91
61 44 4 7 8 9 13 15 16 17 19 21 24 25 26 30 35 37 38 39 41 42 45 49 52 54 56 58 63 64 65 66 71 74 75 78 79 80 84 86 88 89 93 94 95 96
98 2 63 78
69 4 12 19 21 52
21 14 3 7 8 9 13 29 30 34 39 50 52 53 58 61
24 15 7 13 34 41 42 45 49 51 61 65 74 79 80 86 88
78 3 3 26 63
31 3 54 64 81
73 7 13 24 34 49 52 63 78
90 57 2 3 4 7 8 9 10 11 13 15 17 19 21 23 24 25 26 29 30 33 34 35 36 38 39 41 42 43 45 49 50 51 52 53 55 59 61 63 65 66 67 70 71 72 74 75 76 77 78 79 81 82 86 89 91 93 94
9 25 3 7 8 9 15 29 33 36 41 42 45 49 50 51 52 56 58 61 63 71 78 86 89 94 95
74 86 1 2 3 4 5 6 7 8 9 10 11 12 13 14 15 17 18 19 20 21 23 24 25 26 27 28 29 30 31 33 34 36 37 38 39 40 41 42 43 44 45 46 47 48 49 50 51 52 53 54 56 58 59 61 62 63 64 65 66 67 68 69 70 71 72 73 74 75 76 77 78 79 80 81 82 83 84 85 86 87 88 89 90 91 92 94
30 34 4 7 9 10 13 15 17 18 25 31 37 39 40 43 48 49 50 51 53 56 58 62 63 65 66 67 75 80 81 83 85 86 94 96
53 1 78
75 14 3 8 19 26 34 36 41 50 52 54 58 81 86 89
100 3 41 52 81
4 21 5 13 16 17 21 25 31 35 36 49 51 53 55 77 80 83 86 88 93 94 96
35 33 2 3 6 8 9 13 15 16 18 19 21 24 25 26 34 36 39 40 43 48 52 55 61 62 63 65 70 71 73 85 88 89 95
28 30 3 4 7 8 9 13 17 19 24 26 30 31 34 36 39 41 42 45 49 50 51 52 53 54 61 63 71 78 81 94
72 4 24 49 63 78
17 28 3 4 7 8 9 13 17 19 24 26 30 36 39 41 42 45 49 50 51 52 53 61 63 71 78 81 86 94
7 47 3 4 5 6 8 10 11 13 14 15 21 25 26 28 29 31 33 36 38 41 42 45 49 52 53 55 56 60 63 64 65 67 69 70 72 74 75 76 77 79 80 82 84 86 87 91 94
47 7 26 29 34 36 39 61 78
55 10 13 24 30 39 41 49 52 63 78 81
72 1 56
42 0
48 36 4 9 15 16 17 24 25 29 34 35 36 38 41 42 45 49 50 51 52 54 55 61 63 64 65 71 74 79 80 83 86 88 93 94 95 96
16 16 4 13 15 21 29 34 39 42 49 50 54 66 71 75 78 81
52 1 41
68 7 8 15 16 34 37 64 79
22 0
92 1 61
41 49 3 4 7 8 12 13 14 15 17 19 21 24 25 26 30 34 35 36 37 39 41 42 45 51 52 53 54 55 56 60 61 62 64 66 68 71 74 75 77 78 79 80 83 84 86 88 89 94 96
43 19 7 12 14 15 16 20 23 25 40 48 51 53 54 56 58 60 61 69 86
17 0
100 13 20 29 39 40 47 55 58 65 67 68 82 90 91
94 68 2 3 4 5 6 7 8 10 12 13 14 15 16 17 18 19 21 23 25 26 27 28 30 33 34 35 36 37 38 40 42 43 48 49 51 55 58 59 60 61 62 65 66 67 68 69 70 72 73 75 76 77 78 79 80 82 83 84 85 86 87 88 89 90 93 94 95 96
43 34 3 4 7 8 9 12 14 15 16 19 24 25 29 30 31 35 38 41 42 45 50 51 53 54 55 65 71 75 80 84 86 88 89 93
79 3 39 52 78
48 10 3 7 13 24 39 49 51 52 61 63
62 11 17 24 36 39 41 42 49 52 78 81 94
89 2 39 78
89 7 3 13 26 39 52 78 81
9 16 3 4 13 24 34 36 41 45 49 50 51 53 63 81 86 94
22 38 3 4 8 9 13 15 17 19 21 24 25 26 29 30 31 33 34 36 39 42 45 49 50 51 53 56 58 61 63 66 74 75 78 81 86 89 94 95
43 31 3 4 7 8 9 13 17 19 24 26 29 31 33 34 36 39 41 42 45 49 50 51 52 53 54 61 63 71 78 86 94
87 41 1 2 3 4 6 9 10 11 12 14 17 18 20 21 25 31 36 38 40 48 53 56 58 62 63 64 65 66 67 69 71 74 76 79 84 85 87 89 91 93 96
83 24 3 4 9 13 17 19 24 26 30 31 34 36 49 50 51 52 53 56 61 63 71 86 94 95
41 27 1 7 8 18 19 29 30 33 34 43 51 52 54 56 58 62 66 73 74 76 79 81 85 86 88 89 95
1 17 4 8 17 26 29 30 31 33 39 41 49 52 56 63 74 78 80
87 11 13 19 26 34 39 41 49 52 63 78 81
83 60 3 4 5 7 8 9 12 13 14 15 16 17 18 19 21 24 25 26 29 30 31 33 34 36 37 38 39 41 42 45 48 49 50 51 52 53 54 55 56 58 61 63 64 65 66 71 74 75 78 79 80 81 83 84 86 88 89 94 95 96
95 1 52
46 31 3 4 7 9 17 21 25 29 31 33 34 36 38 39 41 42 45 50 51 52 54 61 63 65 74 78 79 86 89 94 95
54 30 3 4 9 13 17 19 24 26 30 31 33 34 36 41 45 49 50 51 53 56 58 61 66 71 75 78 79 81 94 95
68 33 3 4 7 8 9 13 15 19 21 24 26 29 30 31 34 36 39 41 42 45 49 52 53 54 56 58 61 63 78 81 89 94 95
60 49 4 7 9 10 15 16 17 18 19 21 25 26 27 29 31 35 36 38 39 40 41 43 48 51 52 54 55 56 58 61 63 65 66 74 75 77 78 79 80 83 84 86 88 89 90 93 94 95 96
20 46 3 4 7 8 12 13 16 17 19 21 24 25 26 30 31 34 35 36 37 38 39 41 42 45 49 50 51 52 53 54 55 58 61 63 64 66 71 78 81 83 84 86 89 93 94 96
28 37 3 7 8 10 13 14 16 17 25 27 28 34 37 38 39 43 49 51 60 61 63 64 66 68 70 73 74 75 77 82 83 85 86 88 91 94 96
69 44 2 3 5 7 9 10 13 15 16 24 25 27 30 31 33 35 37 38 39 41 42 43 45 49 52 53 54 56 60 61 63 64 65 68 71 75 77 78 79 81 84 88 90 96
37 5 30 36 39 53 94
94 74 1 2 3 4 5 6 8 10 12 13 14 15 16 18 19 21 23 24 25 27 28 29 33 34 35 36 37 38 39 40 41 43 45 48 49 50 51 52 53 54 55 56 58 60 61 62 63 65 66 67 68 69 70 71 73 74 75 76 77 79 81 82 84 85 86 87 88 89 90 91 93 94 95 96
81 41 4 7 9 12 16 18 19 24 25 26 29 33 35 38 43 45 48 50 51 52 53 55 56 58 62 63 64 65 66 68 71 78 80 83 84 88 89 93 94 95 96
94 10 24 29 50 52 53 63 78 86 94 95
22 38 3 4 7 8 13 15 17 19 21 24 29 30 31 33 34 36 39 41 42 45 49 50 51 52 53 54 56 58 61 63 66 71 78 81 86 89 94 95
58 39 2 9 14 15 16 17 21 23 24 27 30 31 33 35 36 37 38 39 41 42 43 45 52 55 62 65 66 67 73 78 80 82 84 86 87 89 90 93 96
53 28 3 4 5 14 15 16 17 18 21 25 26 31 34 38 41 42 48 50 54 61 64 68 71 74 81 88 94 96
67 1 41
21 19 9 19 21 24 30 31 36 39 41 52 56 63 66 74 75 78 86 94 95
38 28 4 9 13 15 21 24 26 29 31 33 45 49 50 54 56 58 65 66 71 74 75 78 79 81 86 89 94 95
89 5 24 39 52 63 78
89 70 3 4 6 7 8 9 10 12 13 14 15 16 17 18 19 21 24 25 26 27 29 31 33 35 36 37 38 39 40 41 42 43 45 49 50 51 52 53 54 55 56 58 60 61 62 63 64 65 66 67 68 71 73 74 75 77 78 79 80 81 83 84 86 88 89 90 91 93 95 96
44 28 8 9 13 15 17 24 30 31 33 34 36 38 41 50 51 52 53 54 56 63 64 65 71 74 86 88 89 94
3 19 3 4 13 19 25 35 36 51 52 61 65 66 78 80 83 88 89 93 94
14 3 29 31 50
32 18 4 7 13 17 19 24 26 30 34 39 41 42 45 51 52 61 63 78
42 15 7 10 12 15 16 30 35 40 41 53 54 62 75 82 93
56 25 4 8 13 17 24 29 30 31 33 36 38 39 41 49 51 54 58 61 63 64 79 81 86 89 94
26 5 13 26 45 49 52
79 7 12 50 53 62 74 80 95
74 58 3 4 5 7 8 13 15 16 17 18 19 21 24 25 26 27 29 30 31 33 34 35 36 37 39 40 41 42 43 45 49 50 51 53 54 55 56 58 60 61 63 65 68 71 73 75 79 80 81 84 85 86 89 90 93 94 95 96
47 65 1 3 4 5 7 8 9 11 14 16 17 18 19 20 24 25 26 27 29 30 31 33 34 35 36 38 39 40 41 42 43 45 48 50 51 52 53 54 55 58 60 61 62 63 64 65 68 69 71 72 73 74 77 78 80 83 85 86 88 90 91 93 94 95 96
6 20 4 17 30 31 35 36 39 45 49 52 53 58 66 74 75 78 79 81 94 95
26 5 3 26 34 36 53
1 31 3 4 8 13 17 19 24 26 29 30 31 33 34 36 39 41 42 45 49 50 51 52 53 56 61 63 71 78 81 86 94
58 18 7 24 29 33 34 38 50 52 54 61 63 65 71 74 75 79 80 88
