100
97 17 2 7 8 14 16 17 28 47 48 63 65 69 72 81 82 85 96
29 4 30 41 63 97
67 27 5 9 13 14 18 19 21 22 24 25 33 34 35 37 44 46 53 56 64 65 77 79 83 88 89 95 99
84 12 2 7 30 41 45 49 51 63 68 69 96 97
93 1 45
42 1 37
35 4 11 30 45 69
85 10 4 6 7 11 21 37 43 68 69 96
82 57 1 2 6 7 8 10 11 14 15 16 17 21 28 30 31 33 35 37 39 40 41 43 44 45 47 48 49 51 53 54 55 58 59 60 62 63 65 68 69 71 72 77 78 81 82 83 85 87 90 91 92 94 95 96 97 98 100
33 32 1 2 4 6 7 8 14 16 17 21 28 30 35 41 44 45 47 48 49 51 60 62 63 65 69 71 72 78 85 90 95 97
64 0
40 46 2 5 7 11 14 15 16 17 19 21 22 25 27 30 33 37 39 41 43 44 45 49 51 53 54 55 58 62 63 65 69 72 73 74 76 77 79 83 85 87 90 96 97 98 99 100
95 30 1 2 4 10 15 16 24 25 28 30 33 36 40 41 48 49 53 59 62 68 69 79 81 82 85 91 92 95 98 99
53 24 2 4 6 7 8 11 16 17 21 28 37 41 43 47 48 49 51 68 71 81 82 85 96 97
47 18 2 6 7 10 14 17 30 37 43 47 49 51 63 77 81 87 92 97
11 30 2 4 6 7 8 11 17 21 28 30 37 41 43 45 47 48 49 51 63 65 68 69 71 81 82 85 91 92 96 97
65 10 2 6 8 28 41 43 69 81 92 97
51 54 6 8 10 11 12 13 15 17 19 21 22 24 27 28 29 30 31 33 35 36 40 41 45 46 47 48 53 54 58 59 60 62 65 66 69 71 73 74 76 79 81 82 85 86 87 88 90 91 92 94 95 97 98 100
79 34 1 2 6 7 8 9 11 14 21 28 31 35 37 41 43 44 49 51 54 59 60 62 63 71 72 78 79 81 82 83 94 95 96 97
14 27 5 8 10 15 18 19 21 22 31 42 49 53 54 56 65 68 69 81 83 85 88 89 92 93 94 98 99
96 12 4 7 11 30 37 41 43 45 68 69 96 97
63 36 1 5 9 10 14 15 28 30 31 35 37 40 43 44 45 47 48 49 53 58 59 63 69 71 77 78 81 85 87 90 91 92 94 95 96 98
64 61 1 2 3 4 5 6 11 12 13 16 17 18 19 20 21 25 26 27 28 29 30 31 34 38 39 41 42 43 44 45 46 47 49 50 51 54 55 59 61 62 64 65 66 68 69 71 73 74 75 76 77 79 80 81 82 85 88 89 91 92 95
27 54 2 4 5 6 7 8 9 10 11 12 14 16 17 21 22 27 28 30 31 33 35 36 37 39 41 44 45 47 48 50 53 54 55 58 59 60 63 69 71 72 74 76 79 85 86 87 90 91 94 95 97 98 99 100
85 4 8 19 81 97
29 40 1 3 5 7 10 12 16 17 19 20 27 28 30 35 36 39 40 42 44 47 53 54 56 59 61 63 67 68 69 72 73 79 80 81 82 87 88 95 96 98
44 17 6 8 10 15 16 22 31 39 40 47 51 54 77 81 85 87 88
70 2 37 51
98 55 1 4 5 6 8 9 10 11 14 15 16 17 19 21 22 25 28 30 35 37 40 41 43 44 45 47 48 58 60 62 63 65 68 69 71 73 74 76 77 78 79 81 82 83 85 87 88 90 91 92 95 96 98 99 100
22 2 45 69
54 27 4 11 14 15 16 21 28 37 39 40 41 45 48 49 51 53 59 60 62 63 65 72 78 83 90 95 97
73 28 3 5 6 8 9 15 17 20 21 26 27 28 30 38 40 42 46 55 66 69 75 82 86 87 89 92 93 100
99 26 1 7 8 10 11 14 15 17 30 35 40 41 48 51 53 62 65 69 77 82 83 85 87 92 98 100
96 78 1 2 4 5 6 7 8 9 10 11 12 13 15 16 17 18 19 21 22 24 25 27 28 29 30 31 33 35 36 37 38 39 41 43 45 46 47 48 49 50 51 53 54 55 58 60 62 63 64 65 66 68 69 71 72 73 74 75 76 77 78 79 81 82 83 85 86 87 88 90 91 92 94 96 97 98 99 100
34 15 1 2 14 37 44 45 51 59 62 68 69 71 72 78 95
46 36 5 8 9 12 15 16 19 22 28 30 31 33 37 39 40 43 44 45 49 50 51 53 54 55 58 62 63 68 76 82 83 86 87 94 97 98
32 8 2 7 11 30 41 51 63 97
40 80 1 2 4 5 6 7 8 9 10 11 12 13 14 15 16 17 18 19 21 22 24 25 27 28 29 30 31 33 35 36 37 39 40 41 44 45 46 47 48 49 50 51 53 54 55 58 59 60 62 63 64 65 66 68 69 71 72 73 74 76 77 78 79 81 82 83 85 86 87 88 90 91 92 94 95 96 97 98 99 100
37 11 4 6 8 10 14 28 49 62 72 87 98
51 19 2 6 8 14 17 28 30 35 37 44 48 49 59 65 72 82 85 91 96
19 0
45 53 2 4 5 6 7 8 9 10 12 14 15 16 17 21 22 24 28 30 37 38 39 41 43 48 49 50 51 54 55 58 60 63 64 65 66 68 74 75 76 77 81 82 83 85 86 88 90 94 95 96 97 98 100
64 5 30 49 51 63 69
38 31 2 4 6 7 8 11 14 16 17 21 28 30 37 41 43 45 47 48 49 51 60 63 68 69 71 82 85 91 95 96 97
63 1 69
88 65 1 2 5 7 8 9 10 11 12 13 14 15 16 17 21 22 24 25 27 29 30 31 35 36 37 39 40 41 44 45 47 49 50 51 54 58 59 60 62 63 65 66 69 71 72 76 77 78 79 81 82 83 86 87 88 90 91 92 94 95 96 97 98 99 100
68 21 2 4 8 17 28 30 41 45 48 49 51 65 68 69 81 82 85 91 92 96 97
35 2 37 69
80 6 11 30 51 63 69 97
66 61 2 4 6 7 8 9 10 11 14 15 16 17 21 22 25 28 29 30 31 33 35 37 40 41 43 44 45 47 48 49 51 53 54 55 59 60 62 63 65 69 71 72 74 76 77 78 79 81 82 83 85 87 90 91 92 94 95 97 98 99 100
46 4 7 30 45 63
80 37 2 5 6 8 10 16 17 21 22 27 31 33 34 36 37 40 43 46 47 48 54 60 62 64 65 69 74 75 77 81 83 85 88 91 92 98 99
49 45 1 2 4 6 7 8 14 15 16 17 21 28 30 35 37 39 40 41 43 44 45 47 48 49 51 55 60 62 63 68 71 72 77 81 82 85 87 90 91 92 95 96 97 98 100
82 2 30 65
6 32 1 2 7 8 10 15 16 21 28 35 37 39 40 41 43 44 45 48 49 51 63 65 68 69 77 81 85 90 91 92 97 98
16 12 5 10 18 43 44 69 85 86 87 88 90 97
45 88 1 2 4 5 6 7 8 9 10 11 12 13 14 15 16 17 18 19 20 22 23 24 25 26 27 28 29 30 32 34 35 36 38 39 40 41 42 44 45 46 47 48 49 50 51 52 54 56 58 60 61 62 63 64 65 66 67 68 69 70 71 72 73 74 75 76 77 78 79 80 81 82 83 85 86 87 88 89 90 91 92 93 94 95 96 97 99 100
57 24 2 8 10 11 17 30 37 39 48 60 65 69 71 77 78 81 82 83 85 90 91 92 95 100
69 17 2 8 11 16 30 41 45 47 49 51 63 65 69 71 72 81 96
76 11 8 16 17 45 48 65 69 81 91 92 96
59 18 8 9 10 19 28 31 41 51 52 58 59 60 64 71 78 81 85 95
80 3 4 41 48
49 6 7 11 30 45 69 97
35 47 1 2 5 6 9 10 11 12 14 15 18 19 21 22 25 27 28 31 33 36 40 41 48 50 51 54 58 59 65 69 72 73 74 78 79 83 85 86 88 90 91 94 96 97 98 99 100
71 9 2 6 8 21 48 49 91 92 96
73 64 1 2 4 5 6 7 8 9 10 12 14 15 16 21 22 24 25 28 30 31 33 35 36 37 39 40 41 43 44 45 47 48 49 51 53 54 55 58 59 60 62 63 68 69 72 74 76 77 78 83 85 86 87 88 90 91 92 94 95 96 97 98 99 100
50 83 1 3 5 6 7 8 9 10 11 12 14 15 16 17 18 19 20 21 22 24 25 27 28 29 30 31 33 34 35 36 37 38 39 40 41 43 44 45 46 47 48 49 50 52 53 54 55 56 58 59 60 61 62 64 65 66 68 69 71 72 73 74 76 77 78 79 80 81 82 83 85 86 87 88 90 91 93 94 95 97 98 99 100
84 7 11 41 45 49 63 69 96
87 0
73 76 2 3 4 5 6 7 8 9 12 13 14 15 16 17 18 20 21 22 23 24 25 27 28 29 30 31 32 36 37 38 40 41 42 43 44 45 47 48 49 50 52 53 56 59 60 63 64 65 66 67 68 71 73 74 75 76 77 78 80 81 82 83 85 86 87 88 89 90 91 92 93 96 97 98 99 100
51 16 2 6 8 11 17 28 30 37 49 63 65 69 81 82 92 96
64 7 21 41 43 44 45 69 97
35 32 1 2 4 5 6 7 8 10 14 21 22 27 31 33 35 37 40 45 53 55 58 60 68 71 72 78 79 83 87 92 97 98
1 6 6 19 28 40 55 78
57 80 1 2 4 5 6 7 8 9 10 11 12 13 14 16 17 18 19 21 22 24 25 27 28 29 30 31 33 35 36 37 38 39 40 41 44 45 46 47 48 49 50 51 53 54 55 58 59 60 62 63 64 65 66 68 69 71 72 73 74 76 77 78 79 81 82 83 85 86 87 88 90 91 92 94 95 96 97 98 99 100
49 63 1 4 5 6 7 8 9 10 11 14 15 16 17 19 21 22 25 27 28 30 31 33 35 37 39 40 41 43 44 47 48 49 51 53 54 55 58 59 60 62 65 68 71 72 73 74 77 78 79 82 83 85 87 88 90 91 92 94 95 96 97 98 100
9 19 1 8 14 16 30 35 43 44 45 47 48 49 51 71 72 78 81 90 92
67 10 2 11 16 21 41 45 49 60 69 71
50 56 1 2 4 6 7 8 9 10 11 14 15 16 17 21 27 28 30 35 37 39 40 41 43 44 45 47 48 49 51 55 58 59 60 62 63 65 68 71 72 77 78 81 82 83 85 87 88 90 91 92 94 95 96 97 98 100
27 40 5 9 15 17 19 30 31 33 34 35 36 38 39 40 41 43 44 48 51 54 58 59 63 65 72 73 75 77 78 79 81 82 85 86 88 90 91 92 94 97
2 18 2 4 6 7 8 21 28 30 37 41 43 45 48 68 85 91 92 96
2 3 30 65 92
3 5 2 8 68 69 92
28 71 1 3 4 5 7 11 12 13 14 15 16 17 18 19 20 21 22 24 25 26 27 28 31 32 33 35 37 38 40 41 42 43 44 45 46 47 48 51 53 55 59 60 61 62 63 64 65 66 67 68 69 72 73 74 75 76 77 78 81 82 85 86 87 89 90 91 92 93 95 96 99
44 16 2 4 6 8 21 28 30 37 41 43 48 49 68 69 96 97
79 70 1 2 4 5 6 7 8 9 10 11 12 14 15 16 17 19 21 22 25 27 28 31 33 35 37 39 40 41 43 44 45 47 48 49 51 53 54 55 58 59 60 62 63 65 68 69 71 72 73 74 76 77 78 79 81 82 83 85 87 88 90 91 92 94 95 96 97 98 99 100
45 19 4 6 7 8 16 21 28 37 45 48 49 60 62 69 78 85 90 96 97
60 56 1 2 4 6 7 8 10 14 15 16 17 21 28 30 31 33 35 37 39 40 41 43 44 45 47 48 49 51 53 54 55 59 60 62 63 65 68 69 71 72 77 78 81 82 83 85 87 90 91 92 94 95 96 97 98 100
35 79 1 2 4 5 6 7 8 9 10 11 13 14 15 16 17 18 19 21 22 24 25 27 28 29 30 31 33 34 35 36 38 39 40 41 43 44 45 46 47 48 49 50 51 53 54 55 58 59 60 62 63 64 65 66 68 69 71 72 73 75 76 77 78 79 81 82 83 85 87 88 90 91 92 94 95 96 97 98 100
51 32 1 2 4 6 8 11 14 17 21 28 35 37 43 44 47 48 49 51 59 60 65 68 69 71 72 81 82 85 91 92 95 96
35 17 2 4 7 8 11 21 28 30 37 45 48 49 51 63 68 69 85
24 19 2 4 6 7 8 11 21 28 30 37 41 43 45 49 63 68 91 96 97
44 80 1 5 6 8 9 10 11 12 13 14 15 16 17 18 19 22 24 25 27 28 29 30 31 33 34 35 36 37 38 39 40 42 43 44 45 46 47 48 49 50 52 53 54 55 56 58 59 60 62 63 64 65 66 69 71 72 73 74 75 76 77 78 79 81 82 83 85 86 87 88 89 90 91 92 94 95 96 98 99 100
69 4 21 48 49 81
71 28 2 4 7 11 14 16 17 21 28 30 37 41 43 45 47 49 51 60 63 65 68 69 71 81 82 91 96 97
92 11 2 11 30 37 41 43 45 49 51 63 69
81 4 11 41 45 69
75 33 1 2 7 10 11 14 15 16 17 21 30 35 37 40 41 43 45 59 60 62 68 69 71 77 78 82 83 85 87 90 91 95 100
90 49 1 2 5 6 7 8 9 14 17 19 21 27 28 30 31 33 35 37 39 40 41 43 44 45 48 49 51 53 54 55 59 60 63 68 73 79 81 82 85 88 90 91 92 94 95 96 97 98 100
62 19 17 21 30 37 40 41 43 44 45 48 62 69 78 87 91 92 95 96 97
