99
99 43 2 5 6 9 11 12 13 14 17 18 19 22 23 26 29 30 32 33 34 36 37 38 40 41 43 46 52 56 58 59 62 64 69 71 77 78 79 88 93 94 96 97 98
97 6 22 25 29 44 49 72
74 32 5 7 9 12 25 26 29 31 37 40 41 44 45 47 49 53 54 55 57 58 62 67 69 72 73 74 78 81 85 89 91 93
2 10 11 20 35 36 40 54 61 77 91 98
78 6 9 19 29 32 41 93
25 56 2 5 7 9 12 13 14 18 19 21 22 23 25 26 27 31 32 36 37 38 40 41 42 43 44 46 47 48 49 50 51 52 53 54 56 57 58 60 62 63 65 67 68 69 70 72 78 79 80 81 87 90 93 95 96 99
27 46 2 5 8 9 12 13 18 19 22 25 27 29 31 32 35 37 39 40 41 44 45 47 48 49 50 51 53 54 56 57 63 65 67 68 69 72 73 74 78 79 85 87 89 91 93 95
35 36 2 9 12 13 18 22 25 26 27 31 36 37 40 41 42 44 45 47 48 49 50 51 53 54 57 63 65 68 73 74 79 85 87 89 91 95
92 0
22 78 2 3 5 6 7 8 9 11 12 13 14 15 17 18 19 21 22 23 25 26 27 28 29 30 31 32 34 35 36 37 38 39 40 41 42 43 44 46 47 49 50 51 52 53 54 55 56 57 58 60 61 62 63 65 67 68 70 72 73 74 75 76 78 79 80 81 82 85 86 87 89 90 91 93 95 96 97 99
87 3 15 67 87
18 8 19 27 39 49 53 57 74 93
41 6 9 19 32 41 78 93
29 42 5 7 8 9 11 13 15 19 21 22 25 27 29 35 36 40 41 44 45 47 49 50 51 52 53 55 56 58 65 67 69 73 74 78 80 81 82 85 87 89 91 99
10 53 2 5 7 8 9 12 13 18 19 22 25 26 27 29 31 32 35 36 37 39 40 41 44 45 47 48 49 50 51 52 53 54 56 57 58 63 65 67 68 72 73 74 78 79 80 82 85 87 89 91 93 95 99
69 38 2 6 10 11 13 15 18 20 22 23 25 26 28 33 36 37 38 40 46 47 48 53 55 60 61 65 68 69 70 76 77 78 81 82 85 86 95 97
14 47 2 3 5 6 7 8 15 18 22 25 27 29 30 31 32 35 36 41 42 44 45 46 48 49 50 51 52 53 56 57 58 60 65 67 69 70 72 73 74 76 79 80 82 87 89 90 95
12 3 5 32 51
58 4 9 40 41 93
3 1 30
82 0
66 3 25 39 53
34 14 14 21 22 37 40 45 47 52 54 72 79 89 90 95
1 43 2 3 5 8 11 12 13 15 17 18 21 23 25 26 30 32 34 35 37 41 44 46 47 48 54 55 56 58 60 62 65 66 70 72 76 79 80 81 86 87 89 95 99
92 18 5 13 29 31 39 40 41 45 49 50 53 63 68 72 73 78 89 91
69 0
21 5 13 25 40 63 89
94 72 2 3 5 6 7 8 9 11 12 14 15 17 18 19 21 22 23 26 27 29 30 31 32 34 35 36 37 38 39 42 43 44 45 46 47 48 49 50 52 53 54 55 56 57 58 60 61 62 63 65 67 68 69 70 72 73 76 78 79 80 81 82 85 86 87 90 91 93 95 96 97 99
83 9 9 13 19 32 40 41 50 78 93
90 46 3 5 8 9 11 13 14 18 19 22 25 27 29 31 32 35 36 38 40 41 42 44 45 46 48 49 53 54 55 56 58 60 61 63 65 68 69 73 76 78 87 89 90 91 93 95
47 7 45 49 50 63 68 89 91
65 6 9 19 40 41 78 93
16 75 2 3 5 6 7 9 10 11 13 14 15 17 18 19 20 21 22 23 25 28 29 30 31 32 34 35 36 37 38 39 40 41 42 43 44 45 46 49 50 51 52 53 55 56 57 58 60 61 62 63 67 68 69 70 71 72 73 74 75 76 77 78 80 81 82 85 86 89 90 91 93 96 97 98 99
98 36 5 6 12 15 18 22 23 27 29 30 31 36 39 44 48 49 51 53 54 56 58 60 61 62 63 65 67 68 69 79 80 87 89 93 96 99
38 21 2 9 18 22 25 27 32 44 45 48 49 51 53 57 67 68 72 74 78 91 93
17 26 2 5 13 19 25 26 29 31 32 37 39 45 47 49 50 51 53 63 65 68 73 74 79 89 93 95
69 20 5 9 12 18 22 27 31 47 48 49 50 53 63 67 68 74 78 79 89 93
79 8 13 27 31 44 49 50 81 87
31 1 13
43 0
76 2 40 78
78 19 12 18 31 47 48 49 50 51 53 63 65 67 68 69 74 78 79 85 95
39 24 3 9 11 22 39 40 41 42 44 45 48 50 62 65 72 73 78 79 80 87 90 91 93 99
75 14 5 9 25 27 29 31 39 50 53 57 72 73 89 91
54 2 32 72
50 63 2 3 5 7 9 11 12 13 14 15 18 19 21 22 23 25 26 27 29 31 35 36 38 39 40 41 42 43 44 45 47 48 49 50 51 52 53 54 55 57 58 61 62 63 65 67 68 69 70 73 74 76 78 80 81 82 89 90 91 93 95 96 99
94 13 9 13 19 25 29 39 40 48 51 63 74 79 91
99 29 5 9 13 18 19 22 25 29 31 32 39 40 41 45 49 50 51 53 57 63 67 68 72 73 74 78 89 91 93
49 7 5 13 19 32 41 72 91
88 10 9 13 19 32 39 40 41 72 78 93
1 0
8 23 5 7 8 18 22 26 27 29 37 40 42 47 51 54 63 65 68 69 74 79 82 87 91
67 10 5 9 13 19 32 49 50 72 89 93
36 8 13 25 39 44 50 57 67 89
21 42 8 9 13 19 21 25 26 27 29 31 32 35 36 37 42 45 47 48 50 51 53 54 56 57 58 62 63 65 67 68 69 72 73 74 78 79 80 81 85 87 91 95
13 47 2 5 8 9 12 13 18 19 22 25 26 27 29 31 32 35 36 37 39 40 41 42 44 45 47 48 49 50 51 53 54 57 63 65 67 68 69 72 74 78 79 85 87 89 91 93 95
31 24 5 9 13 19 29 31 32 39 40 41 45 49 50 53 63 67 68 72 73 74 78 89 91 93
93 40 5 7 8 9 12 13 18 22 25 26 27 29 32 35 36 37 40 41 42 44 45 49 51 52 53 56 57 65 67 68 69 72 74 78 82 85 87 89 91 95
28 26 3 5 7 8 17 20 22 23 28 33 39 50 54 55 70 72 73 74 79 81 82 86 87 89 90 98
89 55 2 3 7 8 9 12 13 14 18 19 21 22 26 27 29 31 32 35 36 37 38 39 40 42 43 44 45 46 47 48 49 51 52 53 54 55 56 57 58 62 67 69 72 73 74 78 79 82 85 87 89 90 91 93 99
41 60 2 3 5 7 8 11 12 13 14 15 18 19 21 22 25 26 27 29 32 35 36 37 39 40 41 43 44 45 47 48 49 50 52 53 54 55 56 57 63 65 67 68 69 72 73 74 76 78 79 80 81 82 85 87 89 90 91 93 95 99
50 37 7 9 12 15 19 22 25 26 27 29 31 35 36 37 39 40 42 47 48 50 51 53 54 57 63 65 67 68 72 73 74 76 79 80 82 89 91
20 1 68
63 40 2 6 11 12 13 14 15 16 17 20 21 22 26 27 32 37 38 40 43 44 46 47 56 57 59 60 61 63 66 68 70 76 77 85 87 89 95 96 98 99
33 24 2 5 13 18 19 22 25 29 32 39 41 45 47 48 49 50 51 53 63 68 72 73 78 89
12 49 2 3 7 8 10 11 12 13 16 18 19 23 26 31 32 33 36 37 38 39 40 41 43 44 46 47 48 50 52 53 54 55 56 61 62 63 65 67 70 71 72 74 75 79 87 90 95 96 98
27 4 40 45 72 73
39 14 5 9 13 19 32 39 41 45 50 72 78 89 91 93
58 34 2 9 12 13 18 19 22 25 27 29 31 35 37 39 44 45 48 49 50 51 53 54 57 63 65 67 68 72 73 74 78 79 93 95
65 21 8 11 15 22 26 31 35 36 39 50 63 65 67 68 78 82 85 89 93 95 99
3 17 8 9 14 15 19 32 41 56 63 67 68 72 73 76 85 91 99
45 0
69 5 9 41 72 78 93
40 10 5 13 19 29 32 40 41 50 72 73
36 45 2 3 6 9 13 14 17 18 19 23 25 28 29 30 31 32 34 38 40 41 44 50 51 53 54 56 57 58 62 63 67 69 70 72 74 78 81 85 86 87 90 93 95 96 97
34 31 5 7 8 12 15 18 19 25 27 29 32 36 40 45 48 50 51 53 54 57 58 63 65 67 73 74 78 79 89 93 99
20 40 6 8 9 13 17 18 23 26 28 29 30 34 35 36 37 39 42 43 45 47 49 50 53 55 57 58 61 62 70 72 74 75 76 81 82 86 90 91 96 97
84 0
14 5 9 12 39 57 93
61 48 2 5 7 8 9 12 13 19 22 25 26 29 31 32 35 36 39 40 41 42 44 45 47 49 50 51 52 53 54 56 57 58 63 65 68 69 72 73 74 78 79 82 85 87 89 91 93 95
26 8 2 18 26 27 35 36 57 67
85 11 7 8 18 41 49 51 56 65 67 78 93
6 1 22
36 86 1 2 3 4 5 6 7 8 9 10 11 12 13 14 15 16 17 18 19 20 21 22 24 25 26 27 28 30 31 32 33 34 35 36 37 38 40 41 42 44 45 46 47 48 49 53 54 55 57 58 59 60 61 62 64 65 66 67 70 71 72 73 74 75 76 77 78 79 80 81 83 85 86 87 88 89 90 91 92 93 94 95 96 97 98 99
79 8 19 29 32 45 50 51 65 95
70 21 8 12 15 22 27 30 36 38 44 45 49 52 53 57 67 68 76 79 81 85 96
40 38 2 5 9 12 13 18 19 22 25 27 29 31 32 37 39 40 41 42 44 45 48 49 50 51 53 54 57 63 67 68 72 73 74 78 79 89 91 93
57 73 2 3 5 6 7 8 9 10 11 12 15 16 19 21 22 23 24 26 28 29 30 31 33 34 35 36 37 39 40 41 42 43 45 46 47 48 49 51 52 53 54 55 56 57 59 60 61 62 63 65 67 68 69 70 71 72 73 74 75 76 78 79 81 82 85 86 87 89 91 93 95 96 97
29 11 9 13 19 32 39 40 41 50 73 78 93
27 44 2 3 9 12 13 14 15 18 22 25 26 27 29 31 32 35 36 37 39 40 44 45 47 48 49 50 51 54 55 57 58 63 65 67 69 73 74 79 81 82 85 93 95 99
88 14 5 9 13 19 29 32 39 40 41 72 73 78 89 93
60 73 2 3 6 7 8 9 10 11 12 13 14 15 16 17 18 19 20 21 23 25 26 27 29 30 32 33 34 35 36 37 38 39 40 43 44 46 48 50 52 54 55 56 57 58 59 60 61 62 65 66 68 70 71 72 73 75 76 77 78 79 80 81 82 83 85 86 87 90 93 96 97 98 99
53 0
30 88 2 3 4 5 6 7 8 9 10 11 12 13 14 15 16 17 18 20 21 22 23 24 25 26 27 28 29 30 31 33 34 35 36 37 38 39 40 42 43 44 45 46 47 48 50 51 52 53 54 55 56 57 58 59 60 61 62 63 64 65 66 67 68 69 70 72 73 74 76 77 79 80 81 82 83 85 86 87 88 89 90 91 92 95 96 97 98 99
20 3 25 44 67
44 1 49
50 32 6 9 14 15 17 22 23 25 27 29 31 36 40 44 49 52 54 57 58 61 62 63 65 67 68 69 72 79 80 85 89 95
93 12 8 13 15 34 39 48 52 58 67 68 82 90
13 41 2 5 7 9 12 13 22 26 29 31 32 35 36 37 39 41 42 44 45 47 48 49 50 52 53 56 57 58 65 67 69 72 73 74 79 80 85 89 91 93 95
