95
4 24 3 7 13 19 21 22 25 29 33 34 35 39 45 47 50 53 60 64 65 67 75 78 80 93
50 3 21 35 77
88 33 2 7 14 17 19 21 22 23 25 28 30 31 33 35 40 41 43 45 46 50 53 54 55 56 62 67 68 72 73 75 77 80 92
51 74 1 2 3 7 9 10 11 12 13 14 15 16 17 18 19 21 22 23 24 25 26 27 28 29 30 31 32 33 34 36 37 39 40 41 43 44 45 46 47 50 53 54 55 56 58 59 60 61 62 63 64 65 67 68 70 71 72 73 75 76 77 78 80 81 82 84 85 88 89 90 91 92 93 95
16 79 1 2 3 4 6 7 8 9 10 11 12 14 15 16 17 18 19 22 23 24 25 26 27 28 29 31 32 33 34 36 37 38 39 40 41 44 45 46 47 48 49 50 51 52 54 55 56 57 58 59 61 62 63 64 65 66 68 70 71 72 73 74 75 76 77 78 80 81 82 84 85 86 89 90 91 92 93 94 95
88 68 1 2 4 7 9 10 11 12 13 14 15 17 18 19 21 22 23 24 25 26 28 31 33 34 35 36 37 40 41 43 44 45 46 47 49 50 52 53 54 55 56 58 59 61 63 64 66 67 68 70 71 72 75 77 78 80 81 82 84 85 86 88 89 90 91 92 93 95
6 8 2 13 21 35 43 53 77 88
39 24 1 3 4 19 20 22 25 26 27 29 37 40 41 43 55 56 63 67 73 74 78 80 81 84
25 15 1 14 17 18 28 41 53 55 56 63 65 71 75 88 91
28 56 3 7 9 11 12 13 14 15 16 17 18 19 21 22 24 25 26 27 28 30 31 32 33 35 36 39 40 41 43 44 46 47 50 53 54 56 58 59 60 61 62 63 64 65 67 70 75 76 80 81 84 85 88 89 92 95
96 67 1 2 3 7 9 12 13 15 17 18 19 21 22 23 24 25 26 28 29 30 31 33 34 35 36 37 39 40 41 43 44 45 46 47 50 53 55 56 59 60 61 62 63 64 65 67 68 70 71 72 73 75 76 77 78 80 81 82 84 85 88 89 90 91 92 93 95
60 9 19 21 30 33 40 50 60 68 92
87 0
64 4 7 19 21 60
14 13 17 23 26 28 31 35 54 56 67 75 84 91 93
98 51 1 2 7 9 11 12 13 17 18 19 21 24 25 26 27 30 31 32 33 35 36 37 40 44 45 46 47 50 53 55 56 58 60 63 65 67 68 70 72 73 77 78 80 81 82 88 89 90 92 93 95
6 10 2 7 13 35 54 55 67 68 72 80
84 60 1 2 3 7 12 13 14 15 17 19 21 22 23 24 25 26 28 29 30 31 33 34 35 37 39 40 41 43 44 45 46 47 50 53 55 56 59 60 62 64 65 67 68 71 72 73 75 76 77 78 80 82 84 85 88 90 91 92 93 95
59 8 2 7 35 39 43 53 77 88
71 63 2 3 4 6 7 10 12 16 17 18 19 22 24 25 28 29 30 31 32 33 34 35 36 37 41 43 44 45 47 48 49 50 52 53 54 55 56 58 59 60 61 62 64 65 66 67 68 70 72 73 75 76 77 80 81 85 86 88 89 91 92 93 95
97 0
48 33 2 7 14 17 19 21 23 25 30 33 35 39 40 43 45 46 47 50 53 54 55 56 60 67 68 72 73 75 77 80 88 92 93
66 15 2 7 14 19 30 39 40 43 54 56 60 67 68 77 92
31 23 1 3 12 19 21 23 26 28 33 34 41 46 47 50 53 60 62 65 75 76 80 88 90
58 28 2 7 14 17 19 23 30 33 39 40 43 45 46 47 50 54 55 56 60 67 68 72 73 75 80 88 92 93
82 11 2 17 19 25 28 30 35 62 67 77 93
24 20 12 19 23 24 26 35 41 45 54 56 58 59 60 77 80 81 82 85 91 93
27 26 2 7 13 14 17 21 22 23 25 39 41 43 45 47 53 54 56 62 68 72 73 75 80 88 92 93
45 19 3 7 14 21 26 33 34 35 39 46 53 55 56 62 65 72 75 77 91
52 15 2 7 13 19 21 35 39 43 53 55 56 60 67 77 88
74 23 2 7 14 19 21 22 23 25 35 39 43 45 46 47 50 54 68 72 75 80 88 92 93
92 37 1 3 7 11 15 17 21 22 23 24 30 31 33 35 36 39 40 43 44 53 54 61 67 68 72 73 75 76 80 81 82 84 90 91 92 93 95
3 6 13 35 39 46 54 60
3 41 2 3 7 13 14 17 19 21 22 23 25 28 30 31 33 35 39 40 41 43 45 46 47 50 53 54 55 56 60 62 65 67 68 72 73 75 77 80 88 92 93
20 2 21 53
84 40 1 2 7 12 17 18 19 22 24 28 30 31 33 34 37 40 41 44 46 47 50 53 54 55 56 59 60 62 65 68 72 73 76 77 80 82 84 90 91 92
65 44 1 2 3 7 13 17 21 22 23 25 26 28 29 30 31 33 34 35 39 41 43 44 45 46 50 53 56 60 62 64 65 67 68 72 73 75 76 77 78 80 84 85 88 93
73 46 2 4 7 12 14 15 16 18 19 22 26 27 32 33 35 37 39 40 42 43 44 45 47 49 50 53 57 58 59 60 61 64 65 66 68 70 72 77 78 81 82 86 88 91 93 95
44 8 2 7 13 21 35 43 53 88
28 10 2 13 21 30 35 43 55 56 67 68
89 3 40 67 80
77 73 1 2 3 4 6 7 9 10 11 12 13 14 15 16 17 18 19 20 21 22 23 24 25 26 27 29 30 32 33 35 37 39 40 41 43 44 45 46 47 48 49 50 52 53 54 57 58 59 60 61 63 64 65 66 67 68 69 71 72 73 74 75 77 80 82 86 88 89 90 91 93 94 95
96 6 2 13 21 35 53 77
94 24 7 13 17 19 21 28 29 33 34 41 43 46 47 56 62 65 67 71 72 76 80 91 92 93
27 3 13 80 88
15 7 2 35 43 53 60 77 88
57 21 2 7 13 14 19 21 23 30 39 46 53 55 56 60 67 68 72 75 77 88 92
37 36 2 3 9 10 12 14 15 16 19 24 28 30 31 32 33 36 40 41 45 46 47 52 54 56 59 60 61 62 63 70 75 82 86 90 92 95
14 78 1 2 3 4 7 9 10 11 12 13 14 15 16 17 18 19 21 22 23 24 25 26 27 28 29 30 31 32 33 34 35 36 37 39 40 41 43 44 45 46 47 50 52 53 54 55 56 58 59 60 61 62 63 64 65 66 67 68 70 71 72 73 75 76 77 78 80 81 82 84 85 88 89 90 91 92 93 95
96 13 7 13 14 21 23 30 35 39 53 56 60 77 88
25 26 8 11 15 20 23 25 30 33 34 35 38 41 43 44 48 52 56 57 58 59 60 65 72 78 88 92
66 76 1 2 3 4 7 9 10 11 12 13 14 15 16 17 18 19 22 23 24 25 26 27 28 29 30 31 32 33 34 35 36 37 39 40 41 43 44 45 46 47 50 53 54 55 56 58 59 60 61 62 63 64 65 66 67 68 70 71 72 73 75 76 77 78 80 81 82 84 85 88 89 90 91 92 93 95
4 0
1 18 2 7 13 19 21 30 35 39 40 43 53 55 56 67 68 77 88 92
87 4 19 21 67 88
1 11 13 19 21 35 43 53 55 60 67 77 88
17 31 2 3 9 11 12 13 17 18 22 23 25 26 27 28 31 34 36 40 41 45 54 58 62 65 77 78 80 82 86 90 92
14 11 7 14 15 17 21 22 37 40 76 84 90
5 32 3 13 14 19 23 26 28 29 31 34 35 39 44 46 47 50 53 54 64 67 68 71 73 75 76 77 80 85 90 91 93 95
85 6 2 21 35 43 53 88
21 9 1 7 17 24 47 55 76 90 91
88 12 2 7 14 21 23 33 40 53 54 75 80 93
82 0
75 45 2 3 7 13 17 19 21 22 25 26 28 29 30 31 33 34 35 39 40 41 43 45 46 47 50 53 54 55 56 60 62 65 67 68 72 73 75 76 77 78 80 88 91 92 93
62 14 13 17 28 30 31 41 45 56 67 72 73 88 92 93
94 19 11 15 16 21 23 36 39 44 59 60 61 68 70 71 72 75 80 82 90
80 10 7 13 19 21 35 39 43 60 77 88
14 17 2 7 13 19 21 30 35 39 43 53 55 56 60 67 77 88 92
69 55 2 6 7 9 11 12 14 15 17 18 23 24 25 26 27 28 29 31 33 37 39 41 43 45 46 47 48 49 50 54 55 59 60 61 62 63 64 67 68 70 72 73 75 76 77 78 80 82 84 85 88 90 93 94 95
48 44 2 3 7 14 15 17 19 22 23 25 26 28 30 31 33 36 37 39 40 41 44 45 46 47 53 54 55 56 59 62 65 68 72 73 75 76 78 80 84 85 88 90 91 92
11 41 2 7 13 14 17 19 21 22 23 25 26 28 29 30 31 33 35 39 40 41 43 45 46 47 50 53 54 60 62 64 67 68 72 73 75 76 80 88 91 92 93
24 14 2 19 21 30 33 35 40 46 53 56 60 67 68 77
69 32 2 7 13 14 17 19 21 23 30 33 35 39 40 43 45 46 47 50 53 54 55 56 60 67 68 72 75 77 80 88 92 93
71 39 1 2 3 10 12 20 21 22 24 28 29 30 31 33 34 36 39 44 45 56 58 59 61 62 64 65 68 69 70 71 73 75 76 77 78 86 89 90 91
27 5 7 13 19 30 53
39 1 2
80 1 35
41 34 2 7 13 14 17 19 21 22 23 25 26 30 31 33 35 40 43 45 46 47 50 53 54 55 56 60 62 68 72 73 75 77 88 92
81 19 1 10 12 24 33 35 36 42 45 47 50 52 57 58 61 90 91 93 95
94 3 13 30 39
42 34 2 3 7 13 14 15 18 21 23 24 26 28 30 33 36 41 43 44 45 47 54 59 61 64 65 70 71 73 78 84 88 92 93 95
87 5 22 25 55 76 91
42 18 1 11 18 26 29 41 42 44 50 53 56 57 58 63 64 71 77 90
19 50 1 2 3 7 13 14 19 21 22 23 25 26 28 29 30 31 33 34 35 39 40 41 43 44 46 47 50 53 54 55 56 60 62 64 65 67 68 71 72 75 76 77 78 80 85 88 90 91 92 93
56 17 26 28 29 30 35 47 53 56 65 71 72 75 77 90 91 92 93
100 9 4 28 32 37 39 40 44 46 63
30 54 1 2 3 4 6 14 16 19 20 23 24 28 29 30 31 34 36 39 42 43 44 48 49 50 51 52 54 55 56 57 59 60 61 64 65 66 67 69 70 71 73 74 75 76 77 78 81 84 85 86 89 91 92 94
11 2 53 77
70 15 18 19 22 26 41 47 56 71 72 77 78 82 88 90 93
63 15 2 13 19 26 28 30 31 39 43 47 55 56 62 80 93
29 34 3 13 14 17 21 22 23 25 26 30 31 33 34 39 40 45 46 47 50 53 54 60 65 68 72 73 75 76 77 78 80 88 92 93
91 5 13 43 55 56 77
57 8 13 19 21 30 33 35 56 60
62 73 1 3 4 6 7 9 10 11 12 14 15 16 17 18 19 22 23 24 25 26 27 28 29 30 31 32 33 34 36 37 39 40 41 44 45 46 47 48 50 52 54 55 56 59 60 61 62 63 64 65 66 67 68 70 71 72 73 75 76 78 80 81 82 84 85 86 88 89 90 91 92 93 95
5 24 1 2 3 7 19 21 22 25 26 29 39 43 50 53 54 60 64 71 75 77 80 88 91 93
