45
6 30 2 3 4 5 7 8 9 11 12 14 16 18 22 23 24 26 28 29 31 32 33 35 36 37 39 40 41 42 44 45
22 12 7 8 9 11 12 14 24 28 35 39 40 44
12 14 2 7 12 14 16 20 22 23 28 32 33 36 37 44
31 9 2 8 12 14 19 28 32 35 39
1 4 3 32 40 42
26 29 1 3 4 7 12 13 14 15 17 18 19 20 22 23 24 25 26 27 28 29 30 35 36 38 39 40 41 42 43
27 4 8 14 28 35
46 2 28 35
21 0
10 22 2 3 7 8 9 11 12 13 16 18 19 20 23 26 27 28 29 30 37 43 44 45
2 2 41 42
44 2 8 44
33 14 1 2 9 11 14 19 25 26 30 31 39 40 41 43
47 3 8 28 35
49 27 2 3 4 5 7 8 9 11 12 14 16 19 20 22 23 24 25 28 29 31 33 36 37 38 42 43 45
14 3 7 8 14
46 29 1 3 4 7 8 9 11 12 14 16 19 22 24 25 26 27 28 30 32 33 35 37 38 39 40 41 42 44 45
22 1 4
24 18 2 7 8 11 12 14 16 20 24 28 32 35 36 39 40 41 42 44
30 17 2 7 8 9 11 12 14 16 24 28 32 35 36 39 41 42 44
15 29 3 5 7 9 11 12 13 14 15 16 19 22 23 24 25 26 27 28 29 31 32 33 35 37 38 39 41 44 45
47 3 11 36 44
12 22 2 4 7 8 9 11 14 16 19 20 24 28 32 35 36 37 38 39 40 41 42 44
19 1 7
45 8 1 16 22 24 30 33 43 44
14 21 3 5 7 8 9 11 12 14 16 19 22 24 28 31 32 33 35 38 40 44 45
40 1 41
3 1 35
37 3 23 28 39
3 31 1 2 4 7 8 9 11 12 14 16 18 19 20 22 23 24 26 27 28 32 33 35 36 37 38 39 40 41 42 44 45
30 5 2 28 37 39 45
7 3 8 28 35
36 22 2 4 7 8 9 11 12 14 16 19 20 24 28 32 35 36 38 39 40 41 42 44
22 12 1 4 21 25 28 29 30 33 35 36 37 38
24 0
18 16 2 7 8 9 11 12 14 16 24 28 32 35 40 41 42 44
29 9 2 4 9 11 16 24 39 41 44
15 10 2 8 9 20 28 36 39 41 42 44
29 2 8 28
16 2 9 24
39 7 7 8 14 32 35 42 44
22 1 7
25 27 1 2 3 4 7 9 11 12 14 16 18 20 23 24 26 28 29 32 33 36 37 38 39 40 41 42 44
3 0
30 10 7 8 16 23 32 36 37 41 42 44
