95
89 7 20 41 46 51 63 79 80
48 9 6 24 40 51 63 74 80 90 93
7 0
14 30 12 13 15 16 19 20 22 24 27 31 33 34 40 42 44 48 55 59 62 65 67 69 72 77 79 81 83 88 91 94
26 44 3 6 8 9 12 13 15 18 19 20 22 24 25 26 27 28 30 33 34 35 40 42 43 46 50 51 54 55 59 62 63 64 69 72 74 75 80 81 85 87 89 90 91 92
19 1 24
93 41 1 3 5 6 13 14 15 16 18 20 23 25 28 29 31 35 37 38 39 41 46 49 51 52 53 54 57 60 63 64 67 68 70 78 84 87 89 90 92 94 95
89 14 1 2 9 29 30 33 34 35 43 48 50 74 80 93
82 15 2 6 24 29 40 41 50 51 59 60 63 74 80 85 90
24 31 1 2 3 6 8 9 12 19 20 23 25 27 28 35 36 41 43 51 52 54 60 64 69 75 79 82 83 91 92 93 94
36 59 1 2 5 6 9 12 13 15 18 19 20 22 23 24 25 29 30 31 33 34 35 36 40 41 42 43 44 46 48 49 50 51 52 54 55 59 60 62 63 69 70 72 73 74 75 77 79 80 81 83 84 85 86 87 89 90 93 94 95
15 6 19 35 41 62 74 79
63 9 1 2 24 41 46 50 60 63 80
57 5 37 38 44 62 65
16 15 3 8 9 12 29 34 41 51 52 63 64 75 90 91 93
69 22 8 17 20 22 23 24 27 28 29 35 41 54 64 65 69 70 74 75 79 81 85 90
84 63 1 2 3 5 6 8 9 12 13 15 18 19 20 22 23 24 25 26 27 28 29 30 33 34 35 36 40 41 42 43 44 46 48 49 50 51 54 55 59 60 61 62 63 64 72 74 75 77 79 80 81 82 83 84 85 86 87 89 90 91 92 93 94
61 3 41 49 90
65 9 2 9 29 43 60 75 80 85 93
5 18 2 6 24 29 40 41 43 50 51 59 60 63 74 75 80 85 90 93
5 61 1 2 3 4 5 6 8 9 10 11 13 15 16 19 24 25 26 27 28 29 31 32 33 34 35 36 40 41 42 43 46 47 49 51 52 53 59 60 61 62 64 65 67 68 69 72 74 78 79 81 82 83 84 86 87 88 90 91 92 93 94
32 41 1 2 3 6 8 12 13 19 20 24 25 26 29 30 33 34 35 36 40 41 44 46 48 49 50 51 54 59 60 61 62 63 72 75 77 79 80 81 85 90 92
29 46 1 2 3 6 8 9 12 13 19 20 24 26 29 30 33 34 35 36 40 41 43 44 46 48 49 50 51 52 59 60 61 62 63 64 69 72 74 75 77 79 80 85 90 91 92 93
51 5 29 63 74 80 90
76 19 1 8 9 18 26 29 35 44 48 54 61 62 64 74 79 86 90 92 93
43 15 1 13 24 35 36 48 49 63 64 69 72 75 77 80 91
47 2 18 36
90 28 1 9 12 13 15 19 23 30 33 34 35 36 46 48 49 50 52 59 61 63 72 79 80 83 86 90 92 93
19 2 74 90
21 7 13 35 50 51 63 72 74
36 7 3 8 13 20 29 41 81
14 23 2 3 15 24 28 31 34 42 47 51 60 61 63 69 71 74 77 79 83 86 88 90 95
87 21 2 6 9 19 20 24 29 40 41 43 50 51 59 60 63 74 75 80 85 90 93
20 13 19 20 24 33 35 41 43 72 75 80 85 90 93
75 4 1 9 60 93
16 20 1 2 6 9 20 24 29 33 34 35 40 46 59 60 62 63 75 79 80 93
30 10 8 10 19 30 31 49 52 62 67 69
10 69 1 2 3 4 5 8 9 11 12 13 15 16 20 21 23 24 25 26 27 29 30 31 32 34 35 36 39 41 42 43 46 48 49 50 51 52 53 54 59 60 62 63 64 67 68 69 71 72 73 74 75 77 78 79 80 81 82 83 84 85 86 87 89 90 91 92 93 94 95
69 2 31 55
81 8 29 50 59 63 74 80 90 93
43 5 29 50 59 63 90
73 25 1 9 12 13 22 25 26 28 36 41 43 50 52 59 61 64 75 79 81 83 85 86 91 92 93
87 0
82 41 1 2 3 6 8 9 12 13 19 20 24 26 29 30 33 34 35 36 40 41 43 46 48 49 50 51 59 60 61 62 64 69 72 75 77 79 85 90 91 92 93
97 57 2 3 4 5 8 10 11 12 15 20 21 23 24 26 30 32 33 38 39 40 41 43 46 47 48 49 50 51 52 53 54 55 59 60 62 64 65 66 68 69 70 71 72 74 75 77 78 79 80 82 83 86 87 90 91 93 94
50 3 19 75 85
21 69 2 3 5 6 8 9 10 12 13 15 16 17 18 19 20 22 23 24 25 26 27 28 29 30 33 34 35 36 40 41 42 43 46 48 49 50 51 52 54 55 60 61 62 63 64 65 69 70 72 74 75 77 79 80 81 82 83 84 85 86 87 88 89 90 91 92 93 94 95
52 25 1 2 6 9 13 19 20 29 30 33 34 35 41 43 46 50 51 60 72 74 75 79 85 90 93
99 27 1 2 6 9 19 20 24 29 30 33 34 40 41 43 46 48 50 51 59 60 72 75 79 80 85 90 93
11 2 51 93
98 1 74
35 32 1 2 6 9 12 13 19 20 30 33 34 35 36 40 41 43 46 48 49 59 60 62 69 72 74 75 77 79 80 85 90 93
6 35 1 2 5 9 11 12 13 17 20 22 27 29 31 33 35 36 42 43 47 48 49 51 59 60 67 71 72 73 81 84 85 86 90 91 95
16 17 2 30 41 43 46 48 50 59 60 63 69 74 75 80 81 85 86
12 47 1 2 3 6 8 12 13 15 18 20 23 24 25 26 27 28 29 30 33 34 36 41 44 46 48 49 51 52 59 60 61 62 63 64 69 72 74 75 79 81 83 85 86 90 91 92 93
37 50 3 5 7 9 10 11 12 15 19 20 22 23 24 25 27 28 30 32 33 34 35 36 37 39 41 43 45 46 47 48 50 52 54 64 65 67 68 70 72 73 74 79 80 81 82 85 86 89 92 95
37 21 1 4 8 11 13 16 21 30 32 34 35 38 42 44 45 46 63 75 81 85 88
29 72 1 5 9 10 11 12 13 15 16 17 18 19 20 22 23 24 25 26 27 30 31 32 33 34 35 36 40 41 42 43 45 46 47 48 49 50 51 52 54 55 57 59 60 61 62 63 64 65 67 68 70 71 72 73 74 75 77 78 79 80 82 83 84 85 87 88 89 91 92 93 94 95
69 5 24 50 80 90 93
80 1 93
56 20 1 13 19 20 26 29 33 34 35 41 43 46 49 51 59 62 75 79 85 91
43 22 2 6 9 13 19 20 29 30 34 35 40 41 43 46 49 59 60 72 75 80 85 93
75 0
24 8 9 19 43 51 69 77 80 90
91 51 1 2 3 5 6 8 9 10 12 13 15 17 18 20 22 23 24 25 26 29 30 36 40 42 43 44 48 49 50 51 54 59 61 62 63 64 70 72 74 80 81 82 83 84 86 87 90 91 92 93 95
4 58 1 3 4 5 8 9 11 13 15 16 19 20 21 22 23 24 25 26 27 28 29 30 32 33 34 35 36 39 41 43 44 46 48 49 53 54 55 60 61 62 63 64 67 68 71 75 78 79 80 81 83 84 85 86 87 89 92 93
11 58 1 2 5 6 8 9 10 12 13 17 18 19 20 22 23 24 25 26 27 28 29 30 33 34 35 36 40 41 42 43 46 48 49 50 51 54 55 59 60 61 62 63 64 65 71 74 75 79 80 81 82 84 85 87 92 93 94 95
45 44 1 5 10 12 13 16 19 20 23 24 26 27 29 31 35 36 43 46 47 48 49 52 53 55 59 60 61 62 63 64 67 71 72 74 79 81 83 84 85 88 89 91 92 93
31 15 9 12 19 29 30 40 49 50 74 75 77 80 85 90 93
92 14 5 6 8 12 22 23 29 34 46 50 59 61 90 93
17 21 5 16 17 18 27 29 30 34 42 46 49 55 59 62 63 65 72 74 86 89 90
79 8 9 24 29 46 79 85 90 93
65 45 1 2 3 5 8 10 15 17 18 22 23 26 28 29 35 41 42 44 47 51 52 54 55 61 63 64 65 69 72 74 75 77 80 81 82 83 84 85 86 87 88 91 92 94 95
74 0
82 2 41 80
48 87 2 3 4 5 6 7 8 9 10 11 12 13 14 15 16 17 19 20 21 22 23 24 25 26 27 28 29 31 32 33 34 35 36 37 38 39 40 41 42 43 44 45 46 47 48 49 50 51 52 53 54 55 57 59 60 61 62 63 64 65 66 67 68 69 70 71 73 74 75 77 78 79 80 81 82 83 84 85 87 88 89 90 91 92 93 94 95
50 17 2 6 9 12 20 29 30 34 35 40 46 48 49 50 59 72 75
27 77 1 2 3 4 5 6 8 9 10 11 12 13 15 16 17 18 19 20 22 23 24 26 27 29 30 31 32 33 34 35 36 39 40 41 42 43 46 47 48 49 50 51 52 53 54 55 59 60 61 62 63 64 65 67 68 69 70 71 72 73 74 75 77 80 81 82 84 85 87 88 89 90 91 92 93 94 95
17 19 2 6 9 19 20 29 33 40 41 43 46 50 59 60 74 75 80 85 93
69 1 90
86 32 1 3 6 8 9 12 15 19 23 24 26 28 33 35 36 40 41 43 44 50 52 59 61 69 75 77 79 83 85 86 91 93
83 39 2 3 5 6 9 12 13 18 19 20 22 25 28 29 30 33 34 35 36 40 42 43 44 48 49 52 54 62 63 69 72 74 75 77 80 83 85 91 93
60 11 9 13 15 23 40 48 59 69 75 86 92
21 48 1 2 3 5 6 8 9 12 13 15 18 19 20 22 25 26 27 30 33 34 35 36 40 41 42 44 46 48 50 51 52 55 59 61 64 69 72 75 77 79 85 86 87 89 90 91 92 93
69 6 2 41 51 60 75 90
13 27 2 3 6 8 9 12 13 15 19 20 34 36 40 41 43 48 52 59 64 69 72 74 77 79 90 91 93
55 58 1 2 3 6 8 9 12 13 15 18 19 20 22 23 24 25 26 27 28 29 30 33 34 35 36 40 41 43 44 46 48 49 50 51 52 54 55 59 60 61 62 63 64 69 72 74 75 77 79 80 81 83 85 89 90 91 92 93
67 37 2 3 5 6 12 13 26 27 29 30 34 40 41 42 46 48 49 50 52 54 55 60 62 64 65 69 70 72 75 77 81 84 87 92 93 94 95
99 22 1 9 12 13 15 22 23 24 25 26 27 28 29 36 44 50 61 64 74 79 80 86
94 0
41 11 8 9 13 33 34 35 40 43 60 63 77
85 27 2 6 8 12 13 19 20 29 34 36 40 43 46 51 59 60 63 69 72 74 77 79 80 85 90 91 93
9 0
72 22 1 5 6 8 13 26 27 28 34 42 50 61 63 69 79 81 83 84 89 90 92 93
77 27 5 6 8 13 15 19 22 24 26 27 29 30 33 34 36 46 54 69 70 72 74 82 84 87 90 91 93
