47
39 4 9 17 37 46
11 11 4 6 8 12 20 23 25 31 33 37 46
9 8 4 9 12 20 23 25 31 46
30 2 23 46
3 24 1 2 3 4 6 8 9 13 17 20 21 22 23 24 25 29 31 33 35 36 37 40 42 46
2 4 12 20 33 37
36 1 33
29 7 6 9 12 20 24 33 37
25 1 4
7 20 1 2 3 4 6 8 9 13 17 18 21 22 25 31 35 36 37 42 43 44
32 20 1 2 4 8 9 12 16 17 21 23 24 25 28 31 34 35 40 42 43 47
38 1 37
28 17 3 6 8 9 12 17 20 21 23 24 25 29 31 33 35 37 42
13 32 1 2 3 4 5 6 7 8 9 12 15 16 17 18 20 21 22 23 24 25 29 31 33 34 35 37 40 42 43 44 46 47
35 11 1 2 3 8 17 20 21 22 35 40 42
45 3 13 22 35
17 1 6
4 26 1 2 3 4 5 6 8 9 12 13 15 17 20 21 22 24 25 29 31 35 36 37 40 42 44 46
35 21 3 4 5 7 8 12 13 16 17 21 22 24 29 31 33 34 35 36 40 42 47
27 0
9 16 2 3 4 6 8 12 20 23 24 25 31 33 35 37 42 46
42 3 9 24 25
12 0
20 3 6 33 37
30 10 4 6 9 12 23 24 31 33 37 46
20 3 1 4 33
34 3 3 20 33
27 35 1 2 3 5 6 7 8 9 10 12 13 14 15 16 17 18 19 21 22 23 24 25 29 30 31 33 34 35 36 37 40 42 43 44 47
23 17 4 6 8 9 12 17 20 21 22 23 24 25 31 33 37 42 46
35 21 1 2 3 4 5 6 7 10 12 13 14 15 20 21 24 33 34 37 40 42 44
43 6 6 12 20 23 33 37
11 37 2 3 4 5 6 7 8 9 10 11 12 14 15 17 19 20 21 22 23 24 25 26 27 28 29 30 31 33 34 37 38 39 41 42 45 46 47
3 3 12 23 37
44 18 2 4 5 6 7 8 9 15 16 21 24 25 31 35 36 37 44 47
25 4 6 20 23 31
14 21 2 3 4 8 9 12 13 17 20 21 22 23 24 25 29 31 33 35 37 42 46
50 0
10 14 1 4 5 10 13 15 20 23 24 33 36 37 40 43
2 35 1 2 3 5 7 8 11 12 13 14 15 16 17 18 19 21 22 23 24 25 27 28 29 30 31 33 34 35 36 38 40 43 44 46 47
13 10 2 3 6 12 13 29 31 33 35 37
48 1 3
49 4 2 9 31 35
10 8 2 3 8 12 13 16 20 44
22 26 1 2 3 4 5 6 8 9 12 13 15 17 20 21 23 24 25 29 31 33 35 36 37 40 42 46
19 14 4 5 7 9 11 12 15 16 17 18 24 37 38 44
7 4 6 23 31 33
25 7 1 6 9 12 24 35 42
